# Nanoparticle /home/leonardo/Documents/code/python/seeds/Cu38_To.xyz
38 atoms

Coords

1 2.56 0.0 0.0
2 5.12 0.0 0.0
3 0.0 2.56 0.0
4 2.56 2.56 0.0
5 5.12 2.56 0.0
6 7.68 2.56 0.0
7 0.0 5.12 0.0
8 2.56 5.12 0.0
9 5.12 5.12 0.0
10 7.68 5.12 0.0
11 2.56 7.68 0.0
12 5.12 7.68 0.0
13 1.28 1.28 1.81019
14 3.84 1.28 1.81019
15 6.4 1.28 1.81019
16 1.28 3.84 1.81019
17 3.84 3.84 1.81019
18 6.4 3.84 1.81019
19 1.28 6.4 1.81019
20 3.84 6.4 1.81019
21 6.4 6.4 1.81019
22 2.56 2.56 3.62039
23 5.12 2.56 3.62039
24 2.56 5.12 3.62039
25 5.12 5.12 3.62039
26 1.28 1.28 -1.81019
27 3.84 1.28 -1.81019
28 6.4 1.28 -1.81019
29 1.28 3.84 -1.81019
30 3.84 3.84 -1.81019
31 6.4 3.84 -1.81019
32 1.28 6.4 -1.81019
33 3.84 6.4 -1.81019
34 6.4 6.4 -1.81019
35 2.56 2.56 -3.62039
36 5.12 2.56 -3.62039
37 2.56 5.12 -3.62039
38 5.12 5.12 -3.62039

Types

1 Cu
2 Cu
3 Cu
4 Cu
5 Cu
6 Cu
7 Cu
8 Cu
9 Cu
10 Cu
11 Cu
12 Cu
13 Cu
14 Cu
15 Cu
16 Cu
17 Cu
18 Cu
19 Cu
20 Cu
21 Cu
22 Cu
23 Cu
24 Cu
25 Cu
26 Cu
27 Cu
28 Cu
29 Cu
30 Cu
31 Cu
32 Cu
33 Cu
34 Cu
35 Cu
36 Cu
37 Cu
38 Cu

